2530,2946,0
2490,2946,0
2489,2950,0
2486,2953,0
2483,2951,0
2481,2952,1
2486,2955,1
2486,2948,1
2481,2955,1
2478,2952,1
2475,2949,2
2474,2948,2
2475,2950,2
2479,2945,2
2478,2938,2
2480,2938,3
2471,2944,3
2476,2942,3
2472,2944,3
2472,2933,3
2465,2936,4
2463,2935,4
2467,2933,4
2467,2937,4
2460,2938,4
2459,2931,5
2455,2932,5
2457,2927,5
2461,2932,5
2461,2923,5
2461,2918,6
2451,2921,6
2452,2923,6
2454,2923,6
2451,2920,6
2450,2916,7
2444,2923,7
2444,2916,7
2447,2911,7
2441,2912,7
2446,2917,8
2441,2914,8
2438,2909,8
2439,2913,8
2441,2911,8
2438,2909,9
2435,2909,9
2430,2903,9
2430,2905,9
2436,2905,9
2435,2899,10
2430,2901,10
2429,2898,10
2429,2894,10
2427,2897,10
2429,2893,11
2418,2901,11
2424,2893,11
2418,2889,11
2416,2888,11
2420,2887,12
2421,2886,12
2416,2886,12
2415,2885,12
2416,2880,12
2414,2884,13
2414,2885,13
2412,2885,13
2407,2878,13
2405,2878,13
2408,2880,14
2409,2876,14
2408,2880,14
2408,2868,14
2409,2866,14
2398,2867,15
2403,2869,15
2401,2861,15
2396,2862,15
2401,2859,15
2400,2859,15
2396,2860,16
2394,2863,16
2391,2859,16
2393,2853,16
2386,2859,16
2390,2853,17
2389,2859,17
2384,2856,17
2387,2849,17
2386,2853,17
2378,2850,18
2379,2852,18
2382,2851,18
2379,2850,18
2379,2850,18
2376,2847,19
2370,2845,19
2371,2845,19
2373,2842,19
2374,2841,19
2371,2832,20
2368,2837,20
2367,2838,20
2369,2834,20
2366,2833,20
2364,2832,21
2365,2831,21
2359,2832,21
2362,2829,21
2363,2834,21
2360,2819,22
2354,2825,22
2361,2819,22
2359,2820,22
2355,2825,22
2352,2825,23
2352,2817,23
2349,2816,23
2349,2814,23
2351,2817,23
2347,2815,24
2348,2815,24
2343,2808,24
2340,2810,24
2343,2813,24
2344,2804,25
2338,2809,25
2335,2805,25
2333,2803,25
2339,2803,25
2339,2801,26
2337,2803,26
2334,2798,26
2332,2794,26
2332,2799,26
2332,2796,27
2329,2798,27
2327,2788,27
2331,2783,27
2322,2789,27
2323,2786,28
2324,2787,28
2321,2786,28
2322,2778,28
2319,2782,28
2313,2784,29
2316,2780,29
2317,2782,29
2317,2775,29
2314,2779,29
2308,2774,30
2311,2773,30
2310,2772,30
2311,2772,30
2309,2772,30
2303,2767,31
2307,2765,31
2302,2767,31
2303,2766,31
2304,2758,31
2300,2763,32
2295,2763,32
2299,2762,32
2298,2761,32
2298,2763,32
2293,2761,33
2291,2753,33
2292,2758,33
2294,2753,33
2294,2755,33
2291,2748,34
2290,2743,34
2290,2744,34
2284,2748,34
2289,2748,34
2286,2739,35
2283,2738,35
2288,2737,35
2281,2741,35
2280,2738,35
2279,2738,36
2279,2731,36
2275,2733,36
2273,2741,36
2282,2742,36
2281,2740,37
2279,2738,37
2278,2736,37
2278,2735,37
2276,2734,37
2273,2722,38
2269,2721,38
2266,2724,38
2267,2718,38
2265,2720,38
2263,2717,39
2263,2717,39
2259,2719,39
2259,2712,39
2260,2712,39
2259,2716,40
2257,2710,40
2255,2709,40
2255,2702,40
2254,2705,40
2250,2706,41
2250,2705,41
2249,2699,41
2244,2705,41
2244,2702,41
2245,2699,42
2246,2701,42
2246,2700,42
2239,2700,42
2241,2697,42
2237,2695,43
2240,2690,43
2239,2690,43
2239,2690,43
2239,2685,43
2230,2688,44
2234,2686,44
2237,2683,44
2232,2690,44
2233,2683,44
2228,2682,45
2225,2678,45
2231,2675,45
2226,2678,45
2224,2679,45
2228,2671,46
2223,2673,46
2221,2672,46
2222,2666,46
2222,2664,46
2219,2668,47
2223,2660,47
2218,2667,47
2217,2667,47
2216,2662,47
2216,2657,48
2214,2655,48
2219,2652,48
2209,2655,48
2211,2658,48
2211,2651,49
2209,2649,49
2211,2647,49
2203,2651,49
2204,2652,49
2206,2653,50
2204,2646,50
2204,2638,50
2196,2644,50
2193,2646,50
2199,2648,51
2198,2646,51
2196,2638,51
2190,2641,51
2189,2640,51
2191,2639,52
2192,2633,52
2193,2631,52
2188,2640,52
2183,2632,52
2181,2632,53
2187,2633,53
2185,2630,53
2186,2623,53
2181,2623,53
2186,2619,54
2178,2623,54
2177,2619,54
2182,2624,54
2180,2614,54
2176,2616,55
2174,2619,55
2170,2616,55
2178,2614,55
2174,2610,55
2172,2609,56
2169,2609,56
2166,2610,56
2171,2610,56
2170,2612,56
2165,2608,57
2159,2604,57
2162,2599,57
2159,2604,57
2162,2602,57
2163,2603,58
2161,2595,58
2154,2596,58
2159,2596,58
2158,2600,58
2158,2599,59
2160,2603,59
2151,2588,59
2155,2592,59
2153,2593,59
2153,2595,60
2150,2592,60
2147,2589,60
2146,2580,60
2145,2586,60
2146,2582,61
2150,2587,61
2142,2584,61
2140,2577,61
2141,2580,61
2141,2575,62
2139,2580,62
2139,2573,62
2142,2566,62
2135,2573,62
2134,2571,63
2136,2573,63
2135,2569,63
2127,2563,63
2127,2569,63
2128,2564,64
2131,2569,64
2131,2567,64
2128,2557,64
2122,2558,64
2121,2559,65
2125,2557,65
2124,2549,65
2123,2550,65
2118,2554,65
2118,2555,66
2120,2553,66
2118,2546,66
2121,2543,66
2114,2550,66
2120,2544,67
2116,2545,67
2113,2544,67
2114,2537,67
2112,2537,67
2110,2537,68
2109,2539,68
2108,2541,68
2108,2542,68
2109,2537,68
2108,2530,69
2100,2530,69
2103,2534,69
2102,2534,69
2103,2532,69
2096,2524,70
2096,2525,70
2095,2528,70
2094,2528,70
2098,2526,70
2097,2520,71
2097,2515,71
2089,2518,71
2093,2519,71
2092,2515,71
2093,2520,71
2087,2516,72
2092,2508,72
2085,2515,72
2084,2513,72
2086,2512,72
2085,2508,73
2084,2510,73
2078,2508,73
2082,2508,73
2082,2509,73
2079,2503,74
2076,2504,74
2077,2501,74
2079,2498,74
2076,2500,74
2076,2499,75
2069,2502,75
2070,2498,75
2068,2494,75
2069,2494,75
2070,2493,76
2067,2490,76
2069,2485,76
2066,2485,76
2063,2489,76
2062,2488,77
2065,2490,77
2064,2484,77
2060,2484,77
2056,2483,77
2061,2483,78
2061,2484,78
2059,2478,78
2057,2473,78
2051,2478,78
2051,2477,79
2049,2475,79
2052,2471,79
2052,2476,79
2049,2470,79
2046,2472,80
2044,2470,80
2049,2470,80
2049,2467,80
2046,2461,80
2043,2464,81
2042,2463,81
2043,2458,81
2039,2461,81
2043,2459,81
2039,2454,82
2037,2455,82
2035,2455,82
2036,2456,82
2038,2460,82
2035,2450,83
2038,2446,83
2032,2449,83
2031,2451,83
2033,2451,83
2030,2449,84
2028,2444,84
2028,2445,84
2027,2447,84
2027,2445,84
2027,2446,85
2022,2435,85
2025,2438,85
2018,2440,85
2023,2440,85
2023,2438,86
2018,2437,86
2019,2433,86
2018,2431,86
2016,2433,86
2016,2430,87
2015,2432,87
2009,2428,87
2009,2430,87
2015,2428,87
2012,2420,88
2011,2418,88
2012,2416,88
2006,2421,88
2008,2426,88
2009,2415,89
2006,2424,89
2000,2417,89
2002,2417,89
2002,2415,89
2003,2419,90
2003,2410,90
1996,2412,90
1997,2412,90
1999,2411,90
2000,2406,91
1997,2405,91
1998,2399,91
1990,2404,91
1993,2405,91
1993,2404,92
1990,2398,92
1993,2394,92
1990,2397,92
1986,2396,92
1988,2398,93
1987,2393,93
1986,2395,93
1983,2393,93
1982,2390,93
1982,2392,94
1981,2394,94
1980,2394,94
1982,2386,94
1976,2386,94
1974,2386,95
1976,2385,95
1978,2385,95
1971,2385,95
1973,2383,95
1970,2381,96
1974,2379,96
1972,2380,96
1971,2378,96
1975,2382,96
1976,2382,97
1975,2381,97
1974,2381,97
1972,2378,97
1973,2377,97
1971,2364,98
1960,2367,98
1961,2368,98
1962,2362,98
1963,2366,98
1958,2361,99
1961,2357,99
1958,2360,99
1958,2364,99
1956,2362,99
1952,2363,100
1950,2357,100
1950,2353,100
1948,2356,100
1949,2355,100
1950,2353,101
1950,2347,101
1952,2347,101
1947,2349,101
1946,2349,101
1946,2350,102
1947,2343,102
1942,2345,102
1940,2343,102
1936,2344,102
1942,2339,103
1939,2341,103
1942,2334,103
1935,2340,103
1934,2339,103
1937,2339,104
1935,2337,104
1937,2336,104
1932,2334,104
1931,2328,104
1929,2330,105
1930,2330,105
1932,2329,105
1930,2328,105
1926,2323,105
1926,2324,106
1925,2324,106
1924,2323,106
1926,2320,106
1922,2320,106
1920,2320,107
1917,2317,107
1922,2316,107
1920,2320,107
1918,2315,107
1921,2309,108
1915,2313,108
1915,2312,108
1916,2314,108
1915,2312,108
1911,2307,109
1913,2306,109
1910,2308,109
1909,2304,109
1913,2302,109
1909,2296,110
1904,2303,110
1904,2301,110
1907,2298,110
1906,2304,110
1905,2299,111
1903,2300,111
1899,2294,111
1899,2294,111
1899,2294,111
1899,2286,112
1901,2290,112
1897,2287,112
1896,2288,112
1894,2288,112
1895,2287,113
1897,2286,113
1894,2289,113
1891,2293,113
1888,2283,113
1886,2282,114
1891,2277,114
1891,2274,114
1890,2272,114
1888,2275,114
1884,2275,115
1889,2274,115
1882,2278,115
1881,2272,115
1883,2268,115
1880,2269,116
1881,2269,116
1880,2264,116
1881,2262,116
1872,2269,116
1872,2265,117
1880,2264,117
1877,2264,117
1876,2264,117
1869,2260,117
1870,2259,118
1877,2259,118
1869,2259,118
1870,2260,118
1871,2259,118
1865,2255,119
1873,2259,119
1862,2253,119
1865,2251,119
1865,2247,119
1862,2247,120
1865,2243,120
1858,2248,120
1860,2246,120
1862,2242,120
1858,2242,121
1856,2241,121
1854,2243,121
1852,2240,121
1857,2242,121
1854,2235,122
1853,2237,122
1849,2236,122
1848,2238,122
1851,2237,122
1852,2234,123
1848,2237,123
1845,2235,123
1844,2233,123
1845,2230,123
1845,2231,124
1845,2231,124
1839,2232,124
1841,2226,124
1838,2226,124
1842,2224,125
1841,2221,125
1839,2218,125
1839,2218,125
1840,2217,125
1836,2216,126
1836,2216,126
1838,2211,126
1833,2213,126
1828,2212,126
1830,2212,127
1830,2211,127
1832,2208,127
1829,2212,127
1824,2206,127
1828,2206,128
1827,2205,128
1827,2207,128
1824,2201,128
1821,2200,128
1819,2202,129
1822,2203,129
1825,2199,129
1823,2198,129
1819,2195,129
1817,2198,130
1816,2196,130
1818,2196,130
1818,2190,130
1817,2187,130
1813,2192,131
1812,2190,131
1814,2190,131
1809,2191,131
1807,2188,131
1806,2185,132
1808,2183,132
1809,2183,132
1806,2181,132
1808,2177,132
1801,2181,133
1801,2179,133
1802,2180,133
1804,2175,133
1803,2175,133
1803,2175,134
1800,2169,134
1798,2172,134
1797,2172,134
1795,2174,134
1800,2168,135
1796,2169,135
1792,2169,135
1791,2168,135
1794,2168,135
1790,2169,136
1791,2157,136
1795,2158,136
1786,2161,136
1788,2161,136
1788,2160,137
1788,2164,137
1787,2157,137
1782,2152,137
1784,2153,137
1785,2156,138
1784,2159,138
1784,2153,138
1780,2152,138
1786,2147,138
1780,2149,139
1781,2149,139
1777,2142,139
1778,2143,139
1774,2144,139
1773,2144,140
1774,2144,140
1775,2139,140
1775,2141,140
1770,2138,140
1775,2134,141
1771,2138,141
1768,2138,141
1768,2134,141
1769,2130,141
1767,2136,142
1763,2134,142
1768,2132,142
1765,2130,142
1759,2136,142
1762,2129,142
1760,2128,143
1759,2125,143
1760,2127,143
1761,2122,143
1759,2125,143
1756,2123,144
1757,2121,144
1753,2123,144
1756,2123,144
1756,2114,144
1753,2116,145
1749,2117,145
1750,2117,145
1752,2118,145
1751,2110,145
1747,2117,146
1744,2110,146
1748,2110,146
1747,2107,146
1748,2110,146
1743,2109,147
1740,2103,147
1742,2107,147
1742,2108,147
1743,2103,147
1742,2097,148
1736,2100,148
1734,2100,148
1733,2101,148
1734,2096,148
1739,2101,149
1736,2092,149
1734,2095,149
1732,2095,149
1729,2095,149
1731,2096,150
1730,2096,150
1732,2086,150
1727,2089,150
1726,2088,150
1730,2090,151
1729,2084,151
1729,2079,151
1724,2088,151
1723,2082,151
1724,2084,152
1722,2078,152
1724,2076,152
1721,2077,152
1718,2076,152
1719,2078,153
1719,2078,153
1720,2077,153
1717,2078,153
1715,2072,153
1716,2067,154
1713,2072,154
1713,2071,154
1712,2073,154
1713,2065,154
1712,2066,155
1714,2062,155
1708,2066,155
1710,2065,155
1709,2060,155
1708,2062,156
1703,2065,156
1700,2060,156
1704,2061,156
1710,2066,156
1709,2063,157
1707,2062,157
1705,2062,157
1706,2061,157
1704,2060,157
1705,2055,158
1697,2049,158
1699,2047,158
1697,2048,158
1697,2047,158
1695,2044,159
1694,2048,159
1693,2045,159
1694,2043,159
1692,2045,159
1690,2044,160
1691,2039,160
1690,2041,160
1686,2037,160
1686,2036,160
1685,2035,161
1684,2041,161
1680,2035,161
1685,2038,161
1682,2035,161
1681,2034,162
1683,2034,162
1682,2030,162
1680,2031,162
1676,2028,162
1676,2026,163
1678,2029,163
1679,2020,163
1676,2028,163
1672,2023,163
1673,2019,164
1677,2022,164
1672,2020,164
1674,2019,164
1670,2022,164
1669,2014,165
1668,2019,165
1672,2014,165
1667,2010,165
1667,2013,165
1665,2010,166
1666,2010,166
1665,2011,166
1662,2007,166
1664,2008,166
1661,2008,167
1661,2006,167
1659,2007,167
1661,2006,167
1659,2009,167
1658,2005,168
1656,2001,168
1655,2000,168
1653,1998,168
1655,1999,168
1655,1996,169
1655,1996,169
1651,1997,169
1650,1997,169
1652,1996,169
1651,1992,170
1650,1991,170
1647,1993,170
1643,1989,170
1646,1988,170
1647,1989,171
1644,1986,171
1649,1992,171
1647,1987,171
1643,1991,171
1644,1990,172
1647,1990,172
1647,1984,172
1645,1988,172
1639,1980,172
1639,1981,173
1638,1981,173
1638,1972,173
1632,1975,173
1637,1971,173
1632,1975,174
1632,1976,174
1632,1969,174
1629,1971,174
1630,1972,174
1626,1970,175
1630,1969,175
1632,1966,175
1627,1968,175
1626,1966,175
1625,1966,176
1624,1964,176
1624,1964,176
1623,1962,176
1624,1960,176
1623,1959,177
1623,1958,177
1621,1959,177
1620,1953,177
1621,1952,177
1616,1955,178
1619,1951,178
1614,1954,178
1617,1955,178
1615,1955,178
1615,1951,179
1618,1956,179
1610,1946,179
1614,1949,179
1612,1948,179
1607,1951,180
1610,1948,180
1607,1945,180
1607,1946,180
1608,1942,180
1609,1938,181
1606,1938,181
1604,1938,181
1604,1936,181
1603,1938,181
1604,1940,182
1601,1932,182
1600,1936,182
1596,1936,182
1598,1933,182
1597,1931,183
1598,1934,183
1595,1931,183
1593,1929,183
1591,1929,183
1596,1928,184
1595,1924,184
1593,1923,184
1590,1924,184
1589,1925,184
1593,1921,185
1591,1923,185
1591,1917,185
1592,1914,185
1587,1916,185
1585,1918,186
1586,1914,186
1586,1916,186
1587,1918,186
1583,1913,186
1583,1912,187
1579,1912,187
1580,1912,187
1582,1909,187
1581,1911,187
1576,1907,188
1577,1907,188
1576,1907,188
1578,1905,188
1578,1903,188
1573,1902,189
1572,1901,189
1572,1905,189
1574,1902,189
1573,1898,189
1571,1895,190
1568,1899,190
1567,1900,190
1571,1897,190
1570,1897,190
1568,1895,191
1564,1898,191
1562,1893,191
1563,1893,191
1562,1893,191
1562,1889,192
1566,1885,192
1560,1890,192
1563,1886,192
1561,1887,192
1562,1889,193
1559,1886,193
1558,1881,193
1558,1882,193
1554,1885,193
1557,1881,194
1557,1884,194
1555,1882,194
1551,1881,194
1556,1877,194
1552,1878,195
1554,1879,195
1553,1873,195
1551,1874,195
1547,1872,195
1548,1875,196
1549,1876,196
1549,1870,196
1544,1870,196
1549,1865,196
1544,1868,197
1547,1868,197
1544,1869,197
1545,1863,197
1542,1864,197
1541,1862,198
1542,1862,198
1543,1858,198
1539,1863,198
1540,1856,198
1535,1858,199
1534,1858,199
1536,1856,199
1535,1852,199
1538,1855,199
1534,1854,200
1531,1853,200
1531,1851,200
1531,1854,200
1532,1846,200
1532,1849,201
1529,1845,201
1525,1848,201
1527,1849,201
1530,1848,201
1528,1846,202
1524,1844,202
1525,1843,202
1524,1842,202
1523,1841,202
1523,1843,203
1523,1839,203
1519,1837,203
1518,1839,203
1519,1838,203
1518,1838,204
1522,1832,204
1519,1832,204
1520,1829,204
1521,1839,204
1512,1832,205
1514,1833,205
1512,1830,205
1513,1826,205
1509,1826,205
1510,1828,206
1511,1826,206
1511,1827,206
1510,1825,206
1509,1820,206
1504,1824,207
1507,1824,207
1508,1824,207
1505,1820,207
1504,1819,207
1501,1818,208
1501,1819,208
1505,1817,208
1501,1817,208
1502,1811,208
1498,1815,209
1500,1810,209
1497,1812,209
1495,1812,209
1498,1812,209
1499,1808,210
1497,1806,210
1497,1805,210
1496,1807,210
1495,1807,210
1496,1802,211
1493,1800,211
1494,1799,211
1488,1803,211
1491,1802,211
1493,1803,212
1491,1799,212
1490,1797,212
1487,1799,212
1485,1797,212
1486,1797,213
1486,1799,213
1484,1795,213
1481,1797,213
1480,1791,213
1483,1793,214
1483,1789,214
1481,1792,214
1480,1790,214
1480,1789,214
1480,1790,215
1479,1786,215
1480,1785,215
1476,1783,215
1473,1783,215
1474,1785,216
1475,1783,216
1476,1779,216
1477,1776,216
1472,1786,216
1477,1784,217
1476,1785,217
1475,1785,217
1475,1782,217
1474,1781,217
1474,1780,218
1473,1774,218
1467,1774,218
1467,1769,218
1466,1767,218
1466,1767,219
1462,1770,219
1462,1769,219
1464,1770,219
1462,1762,219
1461,1765,220
1459,1767,220
1458,1764,220
1456,1766,220
1457,1757,220
1456,1759,221
1453,1761,221
1455,1760,221
1455,1756,221
1454,1757,221
1453,1759,222
1452,1754,222
1452,1754,222
1453,1757,222
1453,1750,222
1451,1747,223
1448,1751,223
1448,1752,223
1448,1751,223
1448,1748,223
1448,1746,224
1443,1746,224
1441,1746,224
1443,1746,224
1444,1747,224
1445,1741,225
1446,1741,225
1440,1745,225
1439,1743,225
1443,1742,225
1441,1738,226
1441,1735,226
1438,1740,226
1438,1735,226
1435,1736,226
1435,1734,227
1437,1735,227
1435,1731,227
1431,1731,227
1430,1730,227
1429,1730,228
1431,1731,228
1432,1732,228
1432,1722,228
1429,1726,228
1430,1727,229
1429,1723,229
1427,1724,229
1429,1720,229
1425,1722,229
1425,1724,230
1425,1719,230
1426,1718,230
1425,1715,230
1418,1719,230
1418,1720,231
1422,1719,231
1422,1716,231
1421,1713,231
1416,1716,231
1415,1716,231
1416,1714,232
1416,1713,232
1417,1712,232
1415,1713,232
1411,1711,232
1413,1710,233
1414,1707,233
1414,1707,233
1411,1706,233
1411,1705,233
1407,1704,234
1409,1702,234
1409,1705,234
1410,1702,234
1406,1702,234
1405,1699,235
1406,1700,235
1406,1698,235
1405,1701,235
1403,1695,235
1402,1694,236
1403,1696,236
1397,1692,236
1401,1695,236
1401,1692,236
1401,1694,237
1396,1690,237
1402,1687,237
1398,1690,237
1399,1687,237
1398,1683,238
1396,1686,238
1394,1685,238
1394,1688,238
1393,1686,238
1394,1683,239
1396,1687,239
1391,1683,239
1389,1682,239
1390,1682,239
1389,1679,240
1389,1680,240
1388,1675,240
1387,1677,240
1388,1675,240
1385,1675,241
1386,1673,241
1384,1672,241
1384,1673,241
1382,1672,241
1382,1670,242
1383,1671,242
1381,1666,242
1377,1666,242
1381,1668,242
1380,1665,243
1379,1667,243
1375,1665,243
1374,1663,243
1375,1663,243
1375,1662,244
1377,1663,244
1376,1656,244
1370,1658,244
1371,1661,244
1370,1657,245
1371,1658,245
1372,1656,245
1367,1653,245
1366,1652,245
1367,1652,246
1370,1658,246
1369,1655,246
1368,1653,246
1362,1651,246
1363,1649,247
1366,1649,247
1364,1647,247
1364,1644,247
1363,1645,247
1360,1645,248
1360,1645,248
1359,1645,248
1361,1639,248
1361,1638,248
1356,1640,249
1357,1639,249
1355,1642,249
1356,1639,249
1356,1639,249
1351,1635,250
1352,1636,250
1353,1636,250
1351,1635,250
1354,1633,250
1350,1634,251
1346,1631,251
1350,1632,251
1348,1630,251
1351,1634,251
1347,1630,252
1346,1627,252
1346,1628,252
1343,1628,252
1347,1629,252
1346,1623,253
1346,1619,253
1343,1622,253
1345,1621,253
1342,1620,253
1341,1619,254
1342,1615,254
1339,1617,254
1342,1617,254
1339,1620,254
1339,1620,255
1336,1614,255
1337,1616,255
1332,1617,255
1332,1614,255
1334,1612,256
1334,1612,256
1333,1613,256
1329,1610,256
1329,1611,256
1330,1608,257
1333,1607,257
1328,1610,257
1327,1604,257
1326,1604,257
1327,1604,258
1327,1604,258
1328,1602,258
1326,1597,258
1327,1597,258
1323,1602,259
1325,1601,259
1323,1600,259
1322,1598,259
1321,1593,259
1320,1597,260
1319,1598,260
1321,1596,260
1321,1595,260
1321,1591,260
1319,1591,261
1316,1589,261
1318,1592,261
1316,1592,261
1317,1588,261
1314,1587,262
1311,1586,262
1309,1588,262
1311,1587,262
1313,1584,262
1309,1585,263
1308,1583,263
1309,1584,263
1309,1583,263
1309,1579,263
1307,1579,264
1308,1576,264
1308,1578,264
1306,1579,264
1306,1579,264
1302,1579,265
1303,1575,265
1302,1576,265
1305,1575,265
1304,1570,265
1299,1575,266
1298,1574,266
1299,1570,266
1300,1571,266
1299,1567,266
1298,1563,267
1297,1568,267
1293,1567,267
1295,1566,267
1296,1565,267
1293,1567,268
1293,1563,268
1294,1563,268
1292,1562,268
1292,1562,268
1292,1559,269
1291,1558,269
1289,1557,269
1288,1556,269
1290,1556,269
1291,1557,270
1288,1559,270
1288,1554,270
1285,1555,270
1288,1551,270
1284,1552,271
1284,1555,271
1283,1550,271
1283,1551,271
1279,1550,271
1279,1546,272
1280,1548,272
1281,1546,272
1279,1543,272
1280,1542,272
1277,1544,273
1275,1545,273
1276,1542,273
1275,1545,273
1275,1541,273
1275,1542,274
1271,1540,274
1272,1539,274
1273,1539,274
1274,1536,274
1271,1536,275
1274,1535,275
1270,1533,275
1271,1535,275
1269,1534,275
1269,1536,276
1266,1530,276
1264,1533,276
1264,1528,276
1267,1533,276
1267,1532,277
1267,1531,277
1266,1528,277
1265,1528,277
1265,1528,277
1263,1529,278
1263,1527,278
1260,1521,278
1257,1521,278
1261,1519,278
1257,1519,279
1256,1520,279
1253,1518,279
1257,1514,279
1254,1513,279
1259,1517,280
1251,1514,280
1253,1511,280
1254,1510,280
1254,1514,280
1253,1510,281
1250,1513,281
1249,1511,281
1254,1516,281
1252,1512,281
1248,1509,282
1248,1507,282
1248,1510,282
1247,1508,282
1246,1508,282
1241,1505,283
1245,1502,283
1248,1509,283
1248,1506,283
1244,1507,283
1239,1504,284
1244,1506,284
1244,1502,284
1242,1502,284
1237,1500,284
1240,1500,285
1242,1498,285
1242,1497,285
1239,1496,285
1240,1497,285
1237,1495,286
1238,1488,286
1235,1494,286
1235,1492,286
1236,1493,286
1231,1491,287
1229,1491,287
1230,1489,287
1235,1493,287
1233,1491,287
1232,1489,288
1232,1488,288
1233,1489,288
1230,1487,288
1230,1485,288
1227,1481,289
1227,1482,289
1224,1479,289
1225,1478,289
1225,1474,289
1225,1478,290
1224,1476,290
1222,1476,290
1221,1471,290
1217,1476,290
1221,1471,291
1217,1472,291
1219,1471,291
1218,1470,291
1217,1467,291
1212,1470,292
1212,1470,292
1214,1469,292
1216,1469,292
1214,1462,292
1212,1466,293
1209,1466,293
1210,1464,293
1208,1464,293
1209,1464,293
1210,1459,294
1210,1460,294
1209,1458,294
1211,1461,294
1208,1459,294
1208,1457,295
1207,1457,295
1203,1457,295
1205,1457,295
1205,1456,295
1205,1455,296
1204,1450,296
1206,1449,296
1202,1452,296
1201,1453,296
1202,1450,297
1199,1449,297
1201,1448,297
1201,1448,297
1197,1449,297
1198,1445,298
1198,1449,298
1196,1446,298
1193,1446,298
1193,1441,298
1195,1443,299
1194,1442,299
1197,1447,299
1191,1442,299
1188,1442,299
1192,1440,300
1192,1440,300
1192,1438,300
1191,1437,300
1187,1436,300
1190,1435,301
1188,1436,301
1188,1438,301
1185,1438,301
1187,1433,301
1184,1430,302
1185,1433,302
1184,1432,302
1185,1428,302
1182,1428,302
1181,1427,303
1179,1427,303
1181,1429,303
1181,1424,303
1180,1428,303
1178,1428,304
1178,1425,304
1179,1422,304
1180,1423,304
1179,1421,304
1175,1425,305
1176,1423,305
1173,1420,305
1175,1419,305
1174,1419,305
1173,1418,306
1171,1418,306
1172,1415,306
1172,1416,306
1171,1412,306
1172,1410,307
1170,1414,307
1170,1412,307
1166,1411,307
1167,1412,307
1168,1410,308
1168,1410,308
1167,1409,308
1163,1407,308
1165,1406,308
1165,1407,309
1163,1401,309
1166,1403,309
1164,1406,309
1159,1407,309
1163,1405,310
1162,1403,310
1159,1401,310
1159,1400,310
1156,1398,310
1159,1399,311
1159,1401,311
1158,1399,311
1156,1397,311
1156,1395,311
1155,1394,312
1153,1395,312
1153,1396,312
1155,1392,312
1153,1393,312
1153,1393,313
1150,1393,313
1151,1392,313
1151,1388,313
1150,1388,313
1148,1386,314
1150,1384,314
1147,1389,314
1146,1384,314
1146,1381,314
1147,1386,315
1143,1385,315
1144,1384,315
1143,1381,315
1145,1381,315
1143,1379,316
1147,1385,316
1141,1380,316
1144,1379,316
1139,1380,316
1142,1375,317
1139,1376,317
1137,1376,317
1138,1374,317
1138,1375,317
1138,1376,318
1137,1376,318
1140,1373,318
1135,1372,318
1135,1370,318
1135,1371,319
1135,1369,319
1133,1367,319
1133,1367,319
1134,1368,319
1132,1368,319
1130,1365,320
1130,1366,320
1129,1364,320
1129,1364,320
1128,1363,320
1128,1361,321
1128,1359,321
1125,1363,321
1125,1361,321
1123,1359,321
1126,1361,322
1126,1360,322
1124,1356,322
1122,1358,322
1120,1356,322
1122,1357,323
1123,1354,323
1121,1355,323
1118,1355,323
1118,1352,323
1116,1352,324
1119,1355,324
1119,1350,324
1118,1349,324
1116,1349,324
1114,1349,325
1115,1349,325
1115,1348,325
1114,1344,325
1112,1346,325
1114,1345,326
1112,1346,326
1113,1343,326
1113,1341,326
1111,1343,326
1108,1343,327
1109,1341,327
1109,1341,327
1110,1342,327
1108,1339,327
1105,1338,328
1107,1336,328
1106,1338,328
1108,1337,328
1108,1334,328
1102,1336,329
1104,1332,329
1105,1333,329
1104,1333,329
1102,1333,329
1103,1329,330
1102,1330,330
1101,1328,330
1102,1328,330
1100,1328,330
1100,1327,331
1098,1327,331
1095,1327,331
1098,1329,331
1099,1328,331
1094,1321,332
1095,1323,332
1094,1321,332
1095,1322,332
1093,1321,332
1094,1317,333
1091,1321,333
1091,1320,333
1091,1319,333
1092,1317,333
1091,1315,334
1089,1314,334
1087,1317,334
1085,1316,334
1090,1315,334
1088,1314,335
1088,1311,335
1085,1311,335
1083,1312,335
1088,1312,335
1084,1312,336
1083,1309,336
1081,1312,336
1083,1308,336
1082,1313,336
1086,1312,337
1084,1311,337
1085,1310,337
1085,1308,337
1083,1307,337
1082,1307,338
1081,1303,338
1080,1304,338
1076,1298,338
1076,1300,338
1075,1298,339
1076,1299,339
1073,1299,339
1076,1298,339
1072,1295,339
1073,1296,340
1073,1294,340
1071,1296,340
1070,1292,340
1071,1291,340
1069,1293,341
1070,1291,341
1068,1293,341
1067,1287,341
1069,1291,341
1067,1287,342
1065,1288,342
1063,1289,342
1066,1285,342
1065,1284,342
1061,1289,343
1063,1287,343
1063,1286,343
1063,1282,343
1061,1285,343
1058,1282,344
1062,1283,344
1059,1282,344
1059,1281,344
1059,1277,344
1057,1280,345
1061,1274,345
1057,1279,345
1058,1278,345
1056,1276,345
1056,1274,346
1054,1273,346
1053,1274,346
1054,1275,346
1054,1270,346
1053,1274,347
1050,1272,347
1053,1269,347
1054,1269,347
1051,1273,347
1050,1269,348
1049,1268,348
1047,1265,348
1049,1264,348
1048,1267,348
1049,1267,349
1048,1268,349
1048,1262,349
1046,1264,349
1046,1261,349
1045,1261,350
1044,1263,350
1045,1263,350
1042,1260,350
1045,1259,350
1040,1259,351
1043,1260,351
1042,1256,351
1041,1255,351
1038,1256,351
1040,1255,352
1040,1257,352
1038,1252,352
1038,1253,352
1036,1253,352
1035,1252,353
1036,1253,353
1036,1252,353
1038,1252,353
1035,1249,353
1032,1249,354
1032,1248,354
1031,1248,354
1033,1250,354
1032,1245,354
1030,1246,355
1030,1245,355
1029,1246,355
1030,1246,355
1029,1245,355
1028,1242,356
1028,1243,356
1025,1239,356
1028,1240,356
1028,1240,356
1025,1240,357
1024,1244,357
1020,1240,357
1023,1240,357
1023,1237,357
1023,1236,358
1020,1239,358
1022,1234,358
1019,1233,358
1019,1234,358
1019,1234,359
1019,1232,359
1022,1235,359
1018,1231,359
1016,1229,359
1018,1229,360
1016,1229,360
1015,1224,360
1017,1228,360
1015,1225,360
1012,1226,361
1015,1225,361
1014,1226,361
1012,1222,361
1014,1224,361
1012,1221,362
1012,1221,362
1010,1221,362
1010,1221,362
1012,1219,362
1010,1218,363
1011,1218,363
1007,1219,363
1006,1219,363
1006,1217,363
1006,1215,364
1006,1215,364
1004,1215,364
1005,1216,364
1006,1215,364
1005,1212,365
1004,1213,365
1000,1211,365
1002,1209,365
1002,1214,365
1004,1212,366
1002,1210,366
997,1210,366
999,1208,366
1000,1210,366
1001,1209,367
998,1207,367
996,1209,367
996,1202,367
997,1205,367
995,1204,368
998,1204,368
996,1201,368
993,1201,368
994,1201,368
992,1201,369
993,1200,369
993,1199,369
990,1200,369
991,1199,369
989,1198,370
989,1197,370
991,1199,370
987,1198,370
989,1195,370
988,1195,371
987,1194,371
986,1194,371
987,1192,371
987,1194,371
986,1193,372
985,1190,372
983,1190,372
983,1187,372
982,1190,372
982,1191,373
982,1190,373
982,1185,373
979,1186,373
981,1184,373
981,1184,374
982,1187,374
979,1182,374
980,1181,374
975,1182,374
978,1183,375
977,1180,375
979,1179,375
975,1181,375
978,1177,375
975,1179,376
973,1179,376
976,1175,376
973,1175,376
972,1173,376
971,1177,377
973,1177,377
973,1177,377
972,1171,377
972,1171,377
971,1170,378
969,1173,378
969,1173,378
969,1169,378
967,1169,378
967,1170,379
964,1168,379
968,1170,379
964,1171,379
967,1165,379
964,1165,380
963,1168,380
965,1165,380
963,1164,380
962,1165,380
963,1162,381
963,1161,381
962,1162,381
959,1160,381
962,1158,381
961,1162,382
962,1158,382
959,1158,382
958,1157,382
956,1157,382
957,1158,383
957,1159,383
957,1153,383
955,1153,383
956,1152,383
954,1151,384
954,1153,384
955,1153,384
953,1153,384
954,1153,384
953,1149,385
949,1150,385
949,1149,385
950,1148,385
950,1149,385
950,1145,386
949,1147,386
948,1144,386
947,1143,386
948,1143,386
948,1146,387
947,1143,387
946,1142,387
944,1143,387
948,1140,387
944,1142,388
943,1140,388
946,1143,388
945,1136,388
944,1136,389
941,1135,389
940,1136,389
943,1138,389
943,1139,389
942,1134,390
938,1135,390
938,1134,390
936,1134,390
937,1134,390
937,1134,391
935,1131,391
935,1129,391
938,1127,391
934,1130,391
935,1129,392
935,1127,392
934,1126,392
933,1126,392
931,1126,392
933,1126,393
931,1123,393
931,1125,393
931,1125,393
930,1123,393
928,1122,394
930,1122,394
928,1123,394
929,1122,394
928,1122,394
929,1118,395
925,1118,395
926,1117,395
924,1118,395
924,1118,395
925,1114,396
925,1114,396
923,1115,396
923,1113,396
924,1113,396
923,1117,397
923,1117,397
924,1117,397
924,1115,397
922,1115,397
922,1114,398
922,1113,398
917,1107,398
919,1107,398
918,1107,398
916,1108,399
915,1106,399
917,1107,399
916,1105,399
915,1104,399
913,1105,400
912,1104,400
913,1104,400
912,1104,400
911,1102,400
914,1101,401
910,1099,401
910,1099,401
909,1100,401
912,1099,401
909,1100,402
909,1096,402
909,1093,402
906,1096,402
905,1096,402
905,1094,403
905,1095,403
905,1093,403
905,1092,403
904,1093,403
904,1091,404
903,1091,404
904,1091,404
903,1089,404
903,1089,404
899,1089,405
900,1088,405
898,1088,405
899,1087,405
900,1087,405
899,1087,406
897,1088,406
897,1086,406
896,1086,406
897,1083,406
894,1083,407
897,1084,407
897,1080,407
896,1079,407
894,1080,407
892,1079,408
895,1082,408
894,1079,408
894,1078,408
889,1079,408
892,1079,409
891,1079,409
891,1074,409
890,1074,409
889,1076,409
887,1075,410
890,1075,410
889,1073,410
888,1070,410
888,1070,410
885,1071,411
884,1071,411
887,1071,411
884,1070,411
885,1070,411
884,1070,412
884,1066,412
881,1067,412
884,1067,412
882,1063,412
882,1063,413
882,1065,413
878,1065,413
881,1066,413
881,1066,413
880,1065,414
880,1060,414
876,1059,414
877,1061,414
878,1059,414
875,1059,415
878,1057,415
878,1056,415
875,1056,415
876,1057,415
875,1056,416
871,1056,416
875,1056,416
875,1053,416
875,1052,416
871,1053,417
871,1054,417
872,1052,417
871,1053,417
872,1050,417
867,1053,418
869,1050,418
869,1050,418
869,1051,418
869,1049,418
869,1048,419
867,1051,419
868,1045,419
867,1046,419
865,1045,419
868,1044,420
865,1045,420
862,1044,420
863,1044,420
863,1043,420
865,1044,421
862,1040,421
863,1039,421
862,1040,421
860,1039,421
862,1041,422
860,1037,422
859,1039,422
859,1037,422
857,1038,422
858,1037,423
858,1038,423
858,1034,423
858,1036,423
855,1032,423
858,1031,424
854,1035,424
857,1033,424
854,1033,424
857,1030,425
854,1029,425
852,1030,425
852,1030,425
851,1030,425
853,1027,426
850,1027,426
851,1027,426
850,1027,426
848,1026,426
849,1025,427
850,1024,427
848,1026,427
847,1023,427
847,1023,427
850,1021,428
846,1022,428
846,1022,428
846,1024,428
845,1020,428
844,1021,429
841,1019,429
845,1020,429
845,1018,429
844,1016,429
842,1018,430
840,1017,430
840,1014,430
841,1015,430
840,1016,430
840,1014,431
838,1013,431
836,1014,431
836,1014,431
837,1011,431
836,1012,432
836,1011,432
836,1010,432
837,1009,432
836,1009,432
836,1008,433
835,1006,433
835,1006,433
832,1009,433
831,1006,433
833,1006,434
833,1007,434
833,1005,434
831,1003,434
831,1003,434
829,1003,435
829,1003,435
829,1003,435
828,1003,435
828,999,435
829,1001,436
826,998,436
825,998,436
825,1000,436
826,998,436
826,997,437
823,997,437
824,997,437
824,995,437
824,994,437
824,994,438
822,993,438
820,993,438
820,994,438
820,992,438
820,990,439
820,994,439
818,992,439
817,991,439
818,990,439
819,989,440
820,987,440
817,987,440
818,985,440
816,987,440
816,987,441
815,988,441
816,985,441
818,983,441
813,984,441
814,984,442
814,983,442
813,984,442
812,981,442
812,982,442
811,981,443
811,981,443
809,980,443
812,979,443
811,977,443
810,979,444
807,976,444
807,980,444
809,976,444
810,976,444
808,974,445
807,974,445
804,975,445
804,974,445
805,974,445
805,975,446
807,971,446
804,973,446
803,970,446
806,972,446
804,972,447
804,970,447
803,971,447
802,968,447
801,967,447
800,968,448
804,967,448
801,965,448
801,964,448
799,966,448
799,966,449
797,966,449
800,965,449
797,964,449
795,963,449
797,963,450
795,962,450
796,960,450
795,961,450
794,959,450
796,959,451
791,958,451
793,957,451
793,958,451
792,956,451
791,957,452
792,954,452
791,953,452
791,953,452
790,954,452
788,954,453
788,955,453
791,953,453
787,952,453
787,952,453
789,951,454
787,950,454
786,950,454
784,949,454
784,949,454
784,947,455
785,948,455
782,946,455
784,945,455
783,946,455
781,947,456
784,945,456
783,947,456
783,945,456
782,942,456
782,946,457
784,947,457
783,945,457
781,943,457
783,945,457
782,944,458
781,944,458
777,938,458
778,938,458
777,937,458
777,937,459
776,937,459
774,937,459
773,936,459
775,937,459
775,936,460
775,934,460
773,936,460
771,933,460
772,933,460
772,933,461
773,932,461
772,933,461
769,931,461
770,930,461
770,931,462
769,930,462
770,929,462
770,927,462
769,928,462
769,925,463
768,927,463
768,927,463
767,926,463
766,923,463
765,924,464
763,924,464
766,924,464
765,924,464
764,924,464
764,921,465
762,920,465
762,920,465
759,921,465
762,920,465
763,922,466
761,919,466
763,917,466
760,918,466
758,915,466
759,918,467
759,914,467
757,914,467
756,914,467
757,912,467
757,914,468
756,914,468
756,912,468
754,913,468
753,912,469
754,912,469
753,912,469
755,911,469
753,908,469
750,908,470
751,910,470
751,908,470
753,909,470
753,906,470
751,905,471
749,906,471
748,906,471
749,905,471
749,906,471
749,902,472
749,901,472
747,905,472
749,905,472
744,902,472
747,902,473
747,899,473
745,901,473
746,902,473
747,901,473
742,899,474
745,897,474
743,898,474
743,897,474
741,895,474
743,897,475
744,896,475
741,896,475
743,898,475
742,895,475
741,892,476
741,893,476
739,892,476
740,892,476
739,889,476
738,891,477
737,891,477
737,891,477
738,892,477
737,888,477
734,887,478
736,890,478
737,889,478
735,889,478
735,886,478
734,889,479
733,885,479
734,882,479
735,889,479
731,885,479
732,884,480
730,883,480
731,884,480
731,882,480
729,882,480
732,883,481
730,884,481
731,880,481
728,880,481
727,878,481
727,880,482
728,877,482
727,879,482
727,875,482
728,873,482
724,875,483
725,876,483
726,876,483
726,873,483
724,876,483
723,875,484
723,874,484
722,873,484
722,872,484
723,871,484
721,871,485
719,871,485
717,871,485
723,870,485
719,871,485
720,869,486
719,867,486
718,868,486
717,866,486
717,867,486
718,867,487
717,863,487
718,864,487
715,864,487
713,864,487
716,863,488
715,865,488
714,860,488
715,863,488
713,864,488
714,861,489
713,859,489
712,858,489
712,858,489
711,859,489
709,859,490
711,859,490
709,856,490
711,858,490
710,856,490
707,855,491
708,854,491
707,856,491
707,855,491
708,854,491
707,854,492
706,851,492
706,853,492
706,852,492
706,853,492
706,849,493
703,851,493
703,852,493
703,849,493
701,849,493
705,847,494
703,846,494
701,847,494
702,846,494
700,847,494
701,846,495
701,845,495
702,844,495
698,844,495
696,844,495
698,843,496
696,845,496
699,843,496
698,841,496
698,839,496
698,839,497
695,841,497
695,840,497
697,841,497
696,839,497
695,837,498
695,837,498
693,838,498
693,839,498
694,836,498
692,838,499
693,835,499
692,835,499
692,837,499
692,836,499
690,835,500
689,832,500
688,834,500
688,831,500
688,832,500
690,832,501
689,834,501
689,830,501
686,831,501
687,828,501
685,829,502
685,830,502
686,829,502
685,826,502
686,827,502
684,828,503
683,826,503
685,824,503
684,827,503
682,824,503
684,824,504
684,820,504
680,824,504
681,824,504
681,823,504
681,820,505
680,822,505
679,821,505
677,820,505
676,821,505
680,822,506
679,817,506
679,818,506
679,816,506
677,816,506
678,817,507
676,817,507
677,818,507
677,817,507
673,815,507
674,815,508
673,816,508
677,815,508
675,812,508
672,813,508
672,811,509
672,812,509
672,811,509
673,814,509
672,812,509
673,810,510
668,809,510
670,811,510
670,809,510
669,807,510
669,807,511
669,808,511
666,806,511
667,806,511
667,807,511
668,805,512
667,806,512
666,803,512
666,804,512
665,805,512
664,803,513
665,802,513
665,802,513
662,803,513
662,800,513
663,801,514
663,802,514
662,799,514
663,799,514
662,798,514
660,797,515
661,799,515
661,798,515
660,797,515
660,798,515
659,798,516
660,795,516
659,797,516
659,796,516
660,795,516
660,795,517
660,797,517
659,795,517
658,794,517
657,793,517
659,795,518
658,793,518
654,790,518
655,789,518
655,790,519
654,790,519
654,787,519
652,791,519
653,786,519
652,786,520
653,787,520
652,786,520
651,787,520
651,786,520
650,786,521
649,786,521
648,785,521
650,783,521
649,785,521
648,780,522
647,784,522
646,783,522
648,782,522
648,781,522
647,781,523
647,781,523
645,779,523
646,778,523
644,778,523
647,776,524
643,778,524
645,778,524
644,777,524
643,776,524
641,777,525
642,776,525
642,776,525
641,774,525
642,773,525
641,773,526
642,774,526
640,775,526
640,772,526
640,771,526
640,770,527
640,770,527
637,771,527
639,771,527
638,769,527
636,771,528
634,770,528
637,768,528
638,769,528
636,769,528
637,764,529
637,766,529
635,763,529
632,766,529
632,765,529
634,765,530
634,763,530
633,766,530
630,762,530
631,764,530
631,764,531
631,765,531
630,763,531
630,760,531
630,761,531
629,760,532
628,759,532
628,761,532
627,759,532
627,759,532
628,759,533
628,758,533
628,758,533
625,756,533
627,755,533
625,756,534
625,755,534
629,757,534
626,755,534
626,752,534
625,753,535
621,753,535
624,752,535
622,752,535
624,753,535
623,751,536
621,752,536
621,749,536
621,749,536
620,751,536
621,748,537
622,748,537
620,747,537
620,750,537
618,746,537
620,746,538
619,747,538
618,744,538
617,746,538
617,746,538
615,746,539
617,745,539
617,747,539
617,742,539
615,742,539
617,740,540
615,743,540
615,740,540
614,740,540
614,739,540
614,738,541
612,739,541
613,739,541
611,740,541
612,740,541
611,738,542
610,738,542
608,737,542
608,738,542
611,736,542
612,736,543
608,734,543
608,737,543
608,735,543
608,735,543
608,733,544
608,736,544
608,731,544
607,731,544
608,732,544
608,733,545
608,732,545
607,731,545
606,730,545
603,731,545
604,728,546
604,729,546
603,730,546
605,726,546
601,727,546
601,727,547
602,728,547
604,726,547
601,726,547
602,724,547
600,727,548
600,724,548
599,724,548
601,725,548
600,724,548
599,725,549
599,722,549
597,725,549
597,722,549
597,722,549
599,721,550
596,721,550
596,720,550
596,720,550
596,720,550
596,718,551
595,718,551
595,718,551
594,718,551
594,718,551
594,716,552
594,717,552
594,717,552
594,716,552
592,715,552
591,717,553
590,715,553
593,715,553
591,713,553
592,713,553
591,710,554
589,710,554
588,712,554
589,711,554
589,713,554
589,712,555
589,710,555
588,708,555
587,710,555
587,710,555
586,710,556
585,712,556
586,708,556
584,707,556
583,707,556
587,707,557
586,708,557
584,704,557
586,706,557
583,704,557
583,705,558
583,705,558
583,705,558
583,704,558
583,703,558
582,700,559
581,702,559
582,702,559
581,701,559
581,700,559
582,699,560
579,699,560
581,699,560
580,698,560
578,699,560
578,699,561
577,698,561
577,695,561
578,696,561
577,696,561
579,696,562
575,697,562
576,695,562
576,695,562
576,694,562
575,695,563
575,695,563
574,693,563
575,692,563
573,693,563
573,693,564
573,692,564
573,690,564
570,691,564
572,690,564
571,691,565
572,691,565
570,691,565
570,688,565
571,689,565
569,688,566
571,688,566
570,687,566
569,686,566
568,686,566
569,687,567
569,686,567
567,686,567
567,685,567
567,683,568
567,684,568
565,683,568
564,683,568
566,683,568
564,683,569
565,680,569
565,681,569
564,681,569
563,681,569
563,680,570
563,678,570
561,679,570
563,678,570
560,677,570
561,677,571
561,678,571
561,677,571
560,677,571
561,676,571
561,678,572
562,674,572
560,673,572
561,673,572
558,672,572
559,674,573
557,675,573
557,674,573
558,671,573
557,672,573
557,671,574
555,672,574
555,671,574
555,670,574
555,669,574
554,670,575
554,669,575
555,668,575
555,670,575
553,668,575
553,668,576
553,668,576
552,666,576
552,665,576
551,665,576
551,664,577
551,670,577
554,667,577
552,666,577
553,666,577
553,666,578
554,666,578
553,664,578
551,662,578
550,662,578
548,662,579
547,661,579
548,660,579
547,660,579
548,659,579
546,660,580
546,659,580
546,660,580
545,660,580
546,658,580
547,659,581
544,657,581
544,656,581
544,657,581
544,657,581
543,655,582
544,656,582
542,656,582
544,654,582
541,655,582
543,654,583
542,650,583
541,654,583
541,654,583
539,653,583
541,650,584
539,653,584
540,651,584
540,651,584
538,651,584
539,651,585
537,649,585
538,651,585
538,649,585
537,648,585
538,649,586
536,648,586
537,648,586
537,647,586
538,647,586
536,645,587
536,647,587
536,645,587
535,647,587
533,645,587
534,647,588
533,645,588
533,643,588
533,644,588
531,643,588
532,642,589
531,641,589
531,640,589
531,643,589
531,641,589
531,640,590
530,639,590
530,639,590
529,640,590
528,639,590
527,639,591
527,638,591
529,639,591
529,636,591
529,638,591
527,638,592
527,637,592
526,635,592
528,636,592
526,635,592
526,634,593
525,635,593
524,635,593
525,633,593
526,634,593
525,631,594
525,634,594
522,632,594
524,630,594
525,632,594
522,632,595
522,631,595
521,630,595
521,628,595
521,630,595
520,630,596
522,628,596
519,627,596
520,627,596
521,627,596
519,628,597
519,628,597
519,626,597
519,626,597
519,626,597
517,627,598
517,626,598
516,626,598
520,625,598
519,625,598
519,625,599
518,623,599
516,624,599
518,623,599
517,622,599
515,621,600
516,621,600
512,622,600
515,621,600
516,621,600
512,619,601
513,619,601
512,618,601
512,619,601
512,619,601
512,618,602
512,618,602
510,618,602
512,617,602
512,616,602
511,617,603
510,617,603
512,617,603
509,617,603
508,614,603
509,615,604
510,613,604
509,612,604
509,612,604
508,614,604
507,612,605
507,613,605
507,613,605
507,610,605
505,612,605
505,610,606
507,610,606
506,612,606
506,610,606
506,608,606
503,610,607
506,609,607
505,609,607
504,609,607
503,607,607
503,608,608
503,605,608
502,607,608
504,608,608
503,605,608
502,604,609
504,606,609
500,605,609
500,606,609
501,604,609
501,604,610
500,604,610
500,604,610
499,602,610
499,603,610
498,600,611
499,600,611
498,599,611
496,601,611
497,600,611
498,601,612
497,601,612
498,599,612
496,597,612
496,596,612
494,597,613
495,600,613
495,597,613
496,597,613
493,596,613
493,597,614
494,595,614
493,596,614
495,595,614
494,593,614
493,596,615
491,595,615
492,595,615
492,593,615
491,593,616
492,593,616
491,593,616
492,593,616
492,591,616
489,593,617
489,589,617
490,589,617
488,590,617
490,589,617
490,589,618
488,593,618
490,589,618
489,588,618
487,587,618
486,587,619
486,585,619
486,585,619
486,585,619
487,584,619
486,587,620
485,586,620
485,585,620
486,585,620
485,583,620
486,584,621
483,583,621
484,582,621
485,583,621
484,583,621
484,584,622
483,582,622
482,583,622
482,583,622
481,580,622
481,582,623
481,583,623
480,580,623
479,578,623
480,579,623
481,579,624
480,579,624
479,580,624
478,579,624
477,578,624
480,578,625
480,579,625
478,576,625
478,577,625
477,575,625
476,576,626
477,576,626
475,575,626
478,576,626
477,574,626
475,575,627
475,572,627
476,574,627
474,572,627
475,573,627
476,573,628
474,574,628
472,571,628
472,571,628
474,570,628
474,569,629
473,572,629
472,569,629
471,569,629
470,569,629
471,569,630
471,568,630
470,567,630
471,567,630
469,567,630
469,567,631
470,567,631
469,566,631
469,565,631
469,565,631
467,566,632
467,563,632
468,566,632
468,563,632
467,565,632
467,563,633
467,563,633
467,562,633
465,563,633
467,563,633
465,562,634
466,559,634
466,561,634
464,560,634
466,561,634
464,561,635
465,561,635
464,559,635
462,557,635
462,558,635
463,559,636
461,558,636
462,557,636
462,557,636
461,556,636
461,556,637
462,559,637
461,559,637
461,558,637
461,557,637
461,556,638
461,557,638
461,555,638
459,555,638
459,552,638
459,553,639
458,551,639
458,552,639
457,553,639
457,552,639
458,553,640
456,552,640
456,550,640
457,551,640
455,550,640
456,549,641
455,548,641
457,549,641
455,550,641
453,549,641
456,548,642
455,547,642
455,548,642
454,546,642
453,545,642
455,545,643
453,546,643
452,546,643
452,544,643
453,544,643
452,545,644
450,543,644
452,545,644
451,545,644
450,542,644
450,543,645
450,544,645
448,544,645
450,544,645
449,543,645
449,541,646
448,543,646
448,541,646
448,540,646
447,541,646
449,540,647
448,540,647
447,540,647
446,538,647
447,538,647
446,539,648
445,538,648
447,540,648
446,536,648
444,537,648
444,537,649
445,537,649
444,536,649
444,537,649
444,535,649
442,536,650
444,535,650
442,536,650
443,535,650
443,535,650
442,532,651
442,531,651
442,533,651
441,533,651
442,531,651
442,532,652
442,532,652
439,535,652
441,532,652
440,529,652
440,532,653
439,532,653
439,531,653
439,529,653
436,530,653
438,530,654
438,528,654
438,529,654
437,526,654
437,527,654
437,528,655
437,528,655
436,527,655
436,526,655
436,527,655
438,528,656
438,525,656
437,526,656
435,525,656
435,524,656
435,524,657
434,523,657
434,524,657
435,524,657
434,524,657
434,522,658
433,523,658
431,524,658
432,522,658
430,523,658
432,522,659
431,521,659
431,521,659
433,521,659
431,522,659
431,520,660
432,518,660
429,517,660
429,519,660
429,517,660
429,518,661
429,518,661
430,516,661
428,518,661
429,515,661
429,516,662
428,518,662
428,516,662
427,514,662
425,516,662
427,515,663
426,514,663
427,515,663
427,514,663
427,513,663
428,511,664
427,513,664
423,511,664
426,514,664
424,512,664
424,511,665
423,513,665
424,510,665
425,511,665
423,511,665
422,511,666
422,508,666
422,510,666
422,509,666
422,508,666
422,510,667
422,507,667
423,510,667
419,507,667
422,505,668
420,505,668
421,507,668
419,507,668
421,505,668
418,505,669
419,506,669
417,506,669
418,505,669
418,503,669
417,503,670
418,503,670
419,504,670
415,503,670
416,504,670
418,504,671
416,500,671
416,500,671
416,503,671
415,501,671
416,502,672
414,502,672
416,502,672
415,500,672
413,500,672
413,501,673
414,502,673
413,500,673
415,498,673
412,498,673
412,497,674
412,500,674
412,498,674
413,496,674
413,498,674
411,497,675
410,497,675
411,496,675
412,497,675
411,496,675
410,495,676
411,496,676
411,493,676
409,494,676
410,494,676
410,493,677
408,495,677
409,492,677
408,493,677
408,493,677
409,492,678
409,493,678
409,490,678
409,490,678
407,492,678
408,491,679
406,489,679
408,489,679
406,489,679
404,490,679
404,489,680
404,490,680
405,489,680
404,490,680
405,488,680
403,488,681
402,486,681
404,488,681
404,488,681
404,487,681
403,485,682
403,485,682
403,485,682
403,485,682
403,487,682
401,485,683
400,485,683
401,486,683
400,486,683
400,485,683
399,484,684
400,483,684
400,483,684
398,481,684
400,482,684
399,481,685
399,482,685
397,482,685
397,481,685
398,481,685
397,481,686
398,481,686
398,480,686
396,480,686
397,480,686
397,479,687
396,479,687
397,477,687
396,477,687
395,477,687
399,478,688
394,476,688
396,476,688
395,479,688
395,477,688
396,476,689
395,474,689
392,475,689
394,476,689
394,474,689
392,475,690
391,475,690
393,473,690
393,474,690
394,473,690
392,473,691
392,473,691
390,472,691
393,472,691
390,470,691
390,470,692
390,473,692
391,469,692
391,470,692
390,470,692
389,471,693
390,471,693
390,470,693
388,469,693
389,467,693
388,468,694
388,469,694
388,468,694
389,467,694
388,466,694
386,467,695
386,466,695
387,467,695
385,467,695
387,467,695
386,467,696
386,465,696
386,464,696
385,465,696
387,464,696
385,464,697
386,467,697
385,466,697
385,465,697
385,465,697
384,464,698
384,464,698
384,464,698
384,460,698
383,463,698
381,462,699
381,462,699
382,461,699
382,460,699
381,460,699
381,460,700
381,460,700
382,458,700
381,459,700
380,459,700
380,459,701
379,458,701
380,459,701
379,457,701
378,458,701
379,457,702
380,457,702
378,457,702
378,456,702
378,456,702
377,455,703
380,454,703
377,457,703
378,455,703
377,454,703
377,453,704
377,453,704
376,455,704
376,454,704
377,453,704
376,454,705
376,451,705
376,453,705
376,452,705
375,450,705
375,453,706
375,451,706
373,451,706
373,451,706
375,450,706
374,450,707
374,450,707
371,449,707
371,449,707
371,447,707
371,450,708
372,447,708
371,449,708
370,447,708
371,448,708
371,447,709
372,448,709
371,447,709
370,445,709
370,446,709
371,445,710
370,446,710
370,446,710
370,446,710
367,445,710
369,444,711
368,446,711
369,444,711
368,443,711
368,443,711
368,444,712
366,442,712
366,444,712
367,443,712
367,442,712
367,442,713
366,443,713
366,441,713
366,442,713
366,441,713
366,440,714
365,441,714
365,439,714
362,441,714
365,441,714
365,440,715
365,440,715
364,439,715
362,438,715
361,438,715
363,440,716
363,438,716
364,437,716
364,438,716
361,438,716
362,436,717
362,436,717
364,437,717
362,438,717
360,434,717
361,436,718
361,436,718
361,436,718
361,433,718
360,433,718
360,434,719
359,433,719
359,436,719
361,434,719
360,432,719
359,432,720
360,433,720
358,431,720
358,434,720
358,434,721
357,433,721
358,432,721
358,432,721
358,431,721
357,431,722
357,430,722
358,430,722
357,428,722
356,429,722
356,430,723
355,428,723
356,429,723
355,428,723
356,429,723
356,427,724
355,427,724
354,427,724
353,427,724
354,426,724
354,426,725
354,426,725
354,427,725
353,425,725
352,425,725
354,424,726
352,425,726
352,425,726
352,424,726
352,423,726
351,425,727
351,423,727
351,423,727
352,423,727
352,423,727
352,421,728
351,421,728
351,421,728
349,422,728
349,423,728
348,423,729
350,422,729
349,421,729
347,420,729
347,421,729
348,419,730
348,420,730
347,419,730
348,419,730
348,418,730
348,419,731
348,419,731
348,418,731
347,419,731
346,418,731
346,419,732
347,419,732
347,416,732
346,416,732
347,415,732
344,415,733
346,415,733
346,414,733
344,414,733
344,417,733
344,415,734
344,414,734
343,414,734
344,414,734
344,414,734
343,414,735
342,414,735
343,412,735
344,411,735
342,414,735
342,411,736
342,412,736
343,411,736
340,411,736
340,411,736
340,411,737
340,411,737
340,409,737
340,410,737
341,408,737
340,409,738
339,407,738
339,409,738
339,408,738
339,410,738
339,408,739
339,408,739
338,408,739
338,408,739
337,408,739
337,405,740
338,407,740
337,406,740
337,406,740
338,406,740
335,407,741
336,405,741
335,404,741
335,405,741
336,405,741
335,404,742
337,404,742
337,404,742
334,402,742
335,402,742
334,404,743
336,404,743
334,402,743
333,402,743
334,402,743
334,401,744
333,403,744
333,401,744
334,401,744
333,399,744
332,401,745
332,400,745
333,399,745
331,399,745
331,401,745
332,399,746
331,399,746
333,401,746
329,399,746
331,399,746
332,399,747
331,398,747
330,399,747
331,399,747
329,396,747
328,397,748
331,397,748
329,395,748
327,395,748
329,397,748
329,396,749
327,395,749
329,395,749
328,394,749
329,394,749
328,396,750
328,395,750
326,394,750
328,395,750
328,393,750
327,393,751
326,393,751
326,393,751
325,394,751
325,392,751
326,393,752
325,393,752
325,391,752
325,390,752
326,392,752
326,391,753
323,391,753
324,391,753
324,390,753
324,388,753
324,391,754
325,389,754
324,389,754
323,389,754
322,386,754
321,389,755
320,390,755
321,388,755
322,388,755
320,388,755
320,389,756
323,387,756
322,386,756
322,386,756
321,386,756
320,386,757
320,387,757
321,388,757
322,386,757
321,388,757
320,386,758
320,385,758
319,387,758
320,383,758
320,382,758
320,383,759
318,384,759
317,385,759
318,384,759
319,382,759
317,381,760
317,383,760
316,382,760
316,384,760
316,383,760
316,381,761
316,381,761
316,382,761
316,380,761
314,381,761
315,382,762
315,381,762
316,378,762
314,379,762
315,378,762
315,379,763
315,379,763
314,378,763
314,380,763
314,379,763
314,377,764
312,378,764
312,378,764
314,378,764
312,376,764
312,376,765
312,377,765
312,376,765
313,375,765
312,376,765
311,375,766
311,378,766
311,375,766
311,376,766
310,374,766
312,373,767
311,374,767
310,376,767
309,374,767
310,373,767
310,374,768
309,372,768
311,374,768
309,373,768
308,373,768
308,372,769
308,368,769
308,371,769
308,371,769
308,371,769
308,372,770
308,372,770
307,369,770
307,371,770
307,371,770
307,369,771
307,370,771
307,370,771
305,368,771
306,369,771
305,368,772
307,369,772
306,368,772
307,369,772
307,368,772
306,369,773
306,368,773
304,367,773
304,368,773
304,368,773
305,365,774
304,367,774
303,367,774
305,368,774
302,366,774
303,365,775
303,365,775
303,364,775
303,365,775
302,364,775
302,365,776
303,364,776
302,364,776
300,363,776
301,363,777
301,365,777
302,363,777
301,363,777
300,363,777
301,360,778
299,363,778
299,363,778
301,362,778
300,361,778
299,362,779
300,362,779
300,360,779
297,361,779
299,361,779
298,360,780
298,358,780
297,360,780
298,362,780
298,360,780
299,358,781
299,358,781
297,359,781
296,357,781
296,358,781
297,358,782
297,357,782
298,356,782
297,358,782
297,357,782
296,357,783
297,359,783
296,356,783
296,355,783
295,355,783
294,356,784
295,356,784
293,355,784
294,354,784
295,354,784
294,354,785
294,355,785
294,353,785
295,354,785
293,352,785
292,352,786
292,353,786
293,354,786
293,353,786
293,353,786
293,352,787
290,351,787
292,352,787
293,351,787
292,354,787
291,351,788
291,351,788
290,351,788
292,350,788
291,351,788
289,350,789
290,351,789
290,350,789
290,350,789
289,352,789
289,348,790
290,350,790
290,348,790
289,348,790
288,349,790
290,348,791
288,348,791
288,347,791
288,349,791
288,347,791
288,349,792
287,347,792
289,346,792
288,347,792
288,347,792
286,346,793
287,346,793
285,346,793
287,346,793
286,343,793
286,343,794
287,346,794
286,345,794
286,345,794
286,345,794
287,345,795
287,342,795
287,342,795
284,344,795
285,345,795
286,342,796
284,343,796
284,342,796
285,343,796
284,342,796
285,343,797
283,342,797
284,341,797
282,341,797
283,340,797
284,341,798
283,341,798
282,339,798
282,341,798
281,339,798
283,339,799
282,339,799
282,339,799
281,339,799
281,338,799
281,339,800
282,338,800
282,339,800
281,339,800
280,340,800
279,337,801
280,336,801
278,339,801
279,337,801
279,339,801
280,335,802
279,337,802
280,336,802
280,338,802
278,335,802
279,335,803
279,333,803
278,335,803
279,335,803
278,333,803
276,335,804
277,334,804
276,333,804
276,333,804
275,335,804
276,333,805
277,334,805
275,334,805
277,334,805
275,334,805
275,333,806
275,332,806
275,333,806
277,333,806
274,333,806
275,332,807
274,332,807
275,332,807
275,331,807
275,330,807
275,330,808
274,330,808
273,331,808
274,331,808
273,330,808
275,329,809
273,330,809
273,329,809
273,329,809
274,330,809
273,328,810
272,329,810
273,328,810
272,328,810
271,328,810
271,327,811
271,328,811
271,325,811
272,327,811
270,327,811
272,325,812
271,325,812
271,326,812
270,326,812
270,326,812
270,325,813
270,324,813
269,326,813
269,324,813
269,325,813
269,324,814
269,325,814
267,323,814
269,324,814
269,323,814
269,324,815
268,322,815
267,324,815
269,322,815
268,324,815
269,324,816
267,321,816
267,323,816
265,323,816
269,321,816
268,321,817
268,321,817
268,322,817
266,321,817
267,321,817
266,322,818
267,322,818
266,322,818
266,318,818
265,320,818
264,320,819
265,319,819
264,319,819
264,320,819
265,317,819
263,317,820
265,318,820
262,319,820
265,316,820
262,317,820
264,316,821
262,317,821
263,317,821
263,316,821
263,317,821
262,317,822
260,317,822
262,316,822
262,316,822
262,317,822
261,315,823
261,314,823
260,315,823
262,315,823
261,315,823
262,317,824
260,313,824
261,315,824
260,313,824
260,313,824
261,313,825
261,313,825
261,313,825
259,313,825
260,312,825
259,313,826
259,313,826
262,312,826
259,311,826
259,312,826
258,311,827
259,311,827
258,311,827
258,311,827
259,309,827
257,311,828
258,311,828
256,312,828
257,309,828
256,309,828
257,311,829
257,309,829
255,308,829
258,310,829
257,308,829
257,308,830
257,306,830
256,308,830
256,308,830
256,309,830
257,310,831
255,307,831
255,308,831
255,308,831
254,307,831
256,308,832
253,307,832
254,307,832
252,306,832
255,307,832
253,305,833
254,304,833
254,306,833
254,307,833
254,306,834
253,307,834
253,304,834
253,304,834
253,306,834
254,305,835
252,306,835
252,303,835
251,304,835
252,306,835
252,303,836
252,303,836
251,302,836
251,303,836
252,302,836
249,300,837
250,303,837
250,302,837
250,303,837
249,300,837
249,300,838
251,303,838
250,300,838
250,301,838
249,300,838
250,300,839
250,300,839
249,302,839
249,299,839
251,300,839
249,298,840
247,300,840
246,300,840
247,300,840
249,299,840
249,298,841
248,299,841
247,299,841
248,298,841
246,298,841
248,297,842
246,297,842
246,296,842
246,296,842
249,295,842
246,296,843
245,296,843
245,297,843
246,296,843
245,296,843
246,296,844
244,297,844
245,296,844
245,295,844
245,294,844
244,294,845
245,295,845
245,295,845
245,295,845
243,294,845
243,294,846
244,294,846
243,294,846
244,294,846
243,292,846
243,291,847
243,292,847
243,293,847
244,293,847
242,292,847
243,292,848
242,292,848
243,292,848
242,291,848
241,293,848
242,292,849
241,291,849
241,290,849
241,291,849
240,292,849
242,290,850
240,291,850
239,291,850
240,290,850
240,289,850
241,290,851
240,289,851
240,290,851
240,289,851
239,288,851
240,289,852
240,288,852
241,287,852
238,289,852
238,288,852
238,288,853
238,286,853
238,289,853
238,287,853
238,286,853
237,287,854
238,286,854
237,287,854
238,286,854
239,287,854
236,286,855
237,286,855
237,286,855
237,285,855
237,286,855
235,285,856
237,285,856
237,286,856
237,285,856
237,283,856
236,283,857
237,284,857
236,283,857
236,283,857
237,285,857
234,283,858
234,283,858
234,283,858
236,283,858
234,283,858
236,283,859
235,282,859
235,283,859
236,283,859
233,282,859
234,282,860
234,281,860
232,281,860
234,282,860
233,282,860
232,282,861
232,279,861
233,281,861
233,282,861
233,282,861
231,279,862
232,280,862
231,279,862
232,279,862
232,280,862
231,279,863
232,280,863
231,279,863
232,278,863
231,277,863
232,278,864
230,278,864
231,278,864
232,277,864
231,279,864
231,277,865
229,278,865
231,276,865
229,278,865
230,278,865
229,277,866
230,276,866
229,276,866
230,274,866
228,276,866
228,275,867
229,274,867
229,277,867
229,275,867
228,276,867
227,273,868
228,274,868
228,274,868
228,274,868
227,275,868
228,274,869
226,274,869
227,273,869
227,274,869
226,273,869
228,273,870
227,272,870
226,273,870
225,272,870
227,272,870
225,274,871
226,272,871
225,271,871
226,274,871
224,272,871
225,271,872
225,272,872
226,271,872
224,271,872
224,270,872
225,270,873
224,272,873
224,270,873
224,270,873
226,270,873
222,270,874
224,270,874
223,270,874
223,270,874
223,270,874
223,269,875
223,269,875
224,270,875
223,268,875
222,267,875
222,268,876
223,268,876
222,269,876
221,266,876
222,265,876
222,266,877
223,266,877
222,268,877
224,267,877
222,267,877
222,268,878
222,265,878
223,267,878
221,268,878
221,265,878
221,265,879
219,265,879
221,265,879
220,265,879
222,266,879
219,265,880
220,264,880
218,265,880
218,266,880
219,265,880
218,265,881
220,264,881
219,264,881
218,264,881
218,263,881
219,264,882
219,265,882
218,263,882
218,262,882
216,263,882
217,263,883
217,264,883
217,263,883
219,261,883
217,262,883
217,261,884
218,260,884
217,261,884
217,261,884
217,261,884
217,261,885
215,259,885
216,261,885
215,261,885
217,259,885
216,259,886
215,261,886
215,260,886
216,261,886
215,259,886
216,261,887
216,260,887
214,259,887
214,260,887
214,260,887
215,258,888
215,259,888
215,259,888
214,260,888
213,259,888
214,258,889
215,257,889
215,257,889
213,258,889
213,257,889
215,256,890
213,257,890
213,257,890
212,256,890
214,258,890
212,257,891
212,257,891
211,257,891
213,255,891
212,256,891
211,256,892
212,256,892
211,255,892
212,255,892
211,255,892
211,254,893
212,255,893
211,256,893
213,254,893
211,254,893
210,254,894
210,252,894
209,253,894
210,256,894
210,253,894
210,252,895
209,253,895
209,253,895
211,253,895
210,252,895
209,253,896
209,252,896
210,251,896
207,253,896
210,252,896
210,254,897
208,252,897
208,253,897
207,251,897
209,251,897
210,251,898
208,251,898
209,250,898
207,251,898
208,251,898
208,251,899
207,250,899
206,250,899
206,248,899
208,250,899
208,251,900
208,250,900
207,250,900
206,250,900
207,250,900
207,248,901
206,249,901
207,248,901
205,248,901
205,249,901
206,248,902
205,247,902
206,247,902
205,247,902
204,247,902
205,246,903
205,246,903
205,246,903
205,247,903
204,247,903
204,246,904
205,247,904
205,247,904
203,244,904
203,247,904
203,244,905
202,244,905
204,246,905
204,246,905
204,244,905
203,243,906
203,244,906
202,244,906
203,246,906
203,245,906
202,243,907
202,243,907
203,242,907
202,244,907
201,245,908
203,244,908
202,241,908
201,243,908
201,242,908
201,244,909
200,243,909
202,242,909
202,242,909
200,241,909
200,242,910
198,242,910
199,241,910
201,243,910
199,243,910
200,242,911
200,241,911
197,241,911
198,243,911
199,238,911
199,240,912
199,238,912
199,242,912
199,240,912
200,240,912
199,239,913
197,239,913
198,239,913
198,238,913
199,240,913
198,238,914
198,238,914
199,238,914
198,238,914
197,238,914
198,238,915
197,239,915
196,237,915
198,238,915
197,237,915
197,236,916
198,236,916
197,235,916
196,236,916
196,236,916
196,236,917
196,236,917
197,236,917
197,237,917
196,236,917
196,236,918
197,235,918
196,238,918
195,235,918
195,235,918
195,234,919
194,235,919
194,235,919
196,235,919
194,235,919
193,234,920
195,234,920
195,234,920
194,232,920
195,232,920
192,233,921
194,235,921
192,233,921
193,233,921
194,234,921
192,232,922
193,231,922
192,233,922
193,231,922
192,232,922
192,232,923
194,233,923
192,232,923
191,233,923
193,230,923
191,234,924
192,233,924
192,231,924
192,232,924
192,232,924
190,230,925
190,231,925
190,229,925
192,231,925
192,230,925
190,230,926
191,230,926
190,229,926
191,230,926
190,228,926
190,229,927
188,229,927
191,228,927
190,229,927
190,229,927
190,227,928
188,230,928
190,229,928
189,228,928
188,227,928
190,228,929
189,228,929
189,227,929
189,227,929
188,228,929
189,227,930
188,225,930
189,226,930
187,227,930
187,227,930
187,227,931
188,226,931
189,226,931
188,225,931
189,226,931
186,226,932
187,225,932
187,226,932
188,226,932
187,225,932
186,225,933
188,226,933
186,225,933
186,225,933
185,226,933
185,225,934
185,223,934
185,224,934
185,223,934
187,226,934
185,225,935
185,222,935
185,222,935
185,224,935
184,224,935
186,222,936
185,224,936
184,222,936
184,225,936
184,223,936
185,222,937
184,222,937
185,223,937
185,223,937
185,222,937
184,221,938
184,222,938
184,221,938
184,221,938
184,219,938
185,221,939
182,221,939
184,221,939
182,221,939
183,221,939
182,221,940
184,219,940
182,220,940
183,217,940
182,221,940
182,220,941
182,219,941
182,220,941
182,218,941
180,218,941
183,221,942
180,218,942
181,218,942
180,218,942
180,218,942
182,217,943
181,220,943
180,218,943
179,218,943
180,217,943
180,218,944
181,217,944
180,217,944
179,217,944
180,217,944
181,218,945
180,216,945
179,216,945
179,217,945
179,216,945
179,217,946
179,216,946
179,215,946
179,216,946
180,216,946
178,216,947
178,214,947
178,216,947
178,215,947
180,215,947
177,214,948
178,215,948
179,215,948
179,215,948
177,214,948
178,216,949
177,213,949
176,213,949
177,214,949
177,213,949
177,214,950
177,213,950
176,213,950
178,214,950
178,213,950
177,212,951
176,212,951
176,213,951
176,213,951
177,213,951
176,212,952
177,213,952
176,212,952
176,210,952
177,213,952
176,211,953
175,211,953
175,212,953
176,211,953
176,211,953
173,209,954
175,211,954
175,211,954
175,209,954
174,209,954
174,212,955
174,209,955
175,209,955
174,209,955
174,208,955
172,209,956
174,209,956
173,210,956
173,210,956
173,207,956
174,208,957
173,208,957
173,210,957
175,208,957
173,207,957
173,209,958
172,208,958
172,210,958
172,208,958
173,208,958
174,207,959
172,208,959
172,207,959
173,209,959
172,207,959
171,207,960
173,208,960
171,208,960
171,206,960
173,208,960
171,207,961
173,207,961
172,207,961
172,206,961
171,205,961
169,205,962
171,205,962
171,206,962
170,204,962
170,204,962
170,206,963
169,204,963
168,205,963
169,204,963
170,205,963
169,204,964
170,204,964
170,204,964
170,204,964
171,204,964
169,205,965
167,204,965
170,207,965
169,203,965
169,203,965
168,203,966
167,203,966
168,204,966
168,203,966
169,203,966
168,203,967
168,204,967
167,204,967
168,202,967
167,204,967
167,201,968
167,204,968
168,202,968
167,201,968
166,201,968
167,203,969
167,199,969
167,198,969
167,201,969
167,200,969
165,200,970
166,202,970
167,200,970
165,201,970
166,201,970
166,200,971
167,200,971
166,200,971
165,198,971
166,200,971
166,199,972
166,197,972
164,199,972
166,199,972
163,198,972
166,197,973
164,199,973
165,199,973
165,199,973
164,197,973
164,199,974
164,200,974
164,200,974
163,199,974
164,198,974
163,197,975
165,198,975
163,198,975
163,195,975
163,198,975
163,197,976
163,197,976
162,196,976
163,197,976
163,196,976
163,196,977
162,196,977
164,197,977
162,197,977
161,196,977
162,197,978
161,196,978
161,194,978
161,196,978
162,197,978
160,194,979
161,195,979
164,196,979
163,196,979
160,196,979
160,195,980
161,195,980
162,195,980
162,195,980
161,194,980
161,194,981
160,195,981
161,194,981
160,194,981
161,195,981
159,194,982
160,193,982
161,193,982
159,194,982
160,194,982
160,192,983
161,192,983
160,192,983
160,191,983
159,192,983
160,194,984
160,193,984
159,191,984
160,192,984
158,193,984
159,192,985
159,191,985
158,192,985
159,191,985
158,191,985
159,191,986
158,192,986
160,193,986
157,192,986
159,190,986
160,191,987
157,191,987
158,190,987
158,191,987
158,190,987
157,190,988
158,189,988
158,191,988
157,190,988
157,192,988
158,188,989
157,190,989
156,188,989
157,189,989
156,189,989
156,188,990
157,188,990
157,188,990
157,189,990
155,190,990
156,190,991
154,187,991
155,188,991
155,188,991
154,188,991
155,189,992
155,187,992
155,190,992
154,186,992
154,187,993
154,186,993
153,187,993
154,187,993
156,186,993
154,186,994
154,184,994
153,186,994
153,187,994
154,186,994
155,186,995
154,186,995
153,186,995
153,184,995
153,187,995
154,186,996
154,186,996
153,186,996
152,187,996
155,186,996
153,183,997
153,186,997
151,184,997
154,184,997
154,186,997
153,186,998
152,186,998
152,183,998
153,184,998
153,184,998
153,184,999
152,183,999
152,183,999
153,184,999
153,182,999
151,183,1000
152,182,1000
152,182,1000
152,182,1000
151,184,1000
152,183,1001
150,182,1001
149,182,1001
151,183,1001
151,181,1001
150,183,1002
151,182,1002
151,181,1002
150,183,1002
152,181,1002
150,183,1003
150,182,1003
150,181,1003
149,181,1003
149,181,1003
150,182,1004
149,182,1004
150,182,1004
150,182,1004
150,179,1004
148,179,1005
148,182,1005
148,180,1005
148,181,1005
150,182,1005
150,181,1006
148,180,1006
150,182,1006
149,180,1006
149,179,1006
148,180,1007
147,180,1007
149,179,1007
148,178,1007
147,181,1007
148,179,1008
147,179,1008
148,179,1008
148,179,1008
148,180,1008
146,178,1009
148,178,1009
145,178,1009
147,179,1009
147,179,1009
147,177,1010
146,178,1010
147,178,1010
147,177,1010
147,176,1010
147,176,1011
147,175,1011
147,178,1011
147,176,1011
148,177,1011
147,177,1012
147,176,1012
144,177,1012
146,175,1012
143,175,1012
147,177,1013
146,176,1013
146,175,1013
147,175,1013
146,175,1013
146,176,1014
147,177,1014
146,174,1014
145,177,1014
145,175,1014
145,174,1015
146,175,1015
145,175,1015
146,175,1015
143,175,1015
144,174,1016
144,173,1016
144,174,1016
144,175,1016
144,174,1016
144,175,1017
143,174,1017
143,175,1017
144,174,1017
143,173,1017
142,174,1018
145,173,1018
143,174,1018
144,175,1018
143,175,1018
142,173,1019
144,175,1019
142,174,1019
142,172,1019
142,173,1019
143,174,1020
143,174,1020
143,174,1020
143,173,1020
143,172,1020
141,171,1021
142,173,1021
142,173,1021
141,172,1021
142,171,1021
143,173,1022
142,170,1022
142,171,1022
141,173,1022
142,172,1022
142,170,1023
141,171,1023
141,170,1023
141,170,1023
141,170,1023
141,170,1024
141,169,1024
141,170,1024
141,170,1024
142,169,1024
141,171,1025
141,171,1025
140,170,1025
141,170,1025
141,170,1025
140,170,1026
141,172,1026
140,170,1026
140,171,1026
140,170,1026
139,169,1027
140,169,1027
141,169,1027
141,168,1027
140,169,1027
141,168,1028
141,169,1028
140,169,1028
139,169,1028
141,168,1028
140,170,1029
138,169,1029
139,169,1029
138,167,1029
140,169,1029
138,169,1030
139,169,1030
139,170,1030
140,169,1030
138,169,1030
139,168,1031
139,167,1031
139,166,1031
138,167,1031
138,167,1031
139,167,1032
138,167,1032
138,167,1032
137,166,1032
137,165,1032
137,167,1033
138,166,1033
136,165,1033
136,165,1033
138,166,1033
138,165,1034
138,165,1034
138,165,1034
136,168,1034
138,166,1034
136,165,1035
135,164,1035
137,165,1035
137,165,1035
138,165,1035
135,164,1036
136,165,1036
136,165,1036
137,166,1036
136,165,1036
136,165,1037
136,164,1037
136,164,1037
136,164,1037
136,164,1037
135,164,1038
136,163,1038
136,163,1038
135,164,1038
134,164,1038
136,164,1039
135,165,1039
136,163,1039
135,163,1039
134,164,1039
134,165,1040
132,165,1040
133,164,1040
134,163,1040
134,162,1040
134,162,1041
134,162,1041
134,162,1041
134,162,1041
134,161,1041
134,163,1042
134,163,1042
134,162,1042
133,160,1042
134,162,1042
134,163,1043
134,162,1043
134,162,1043
133,163,1043
134,161,1043
133,161,1044
133,162,1044
134,162,1044
132,162,1044
132,160,1044
132,159,1045
133,161,1045
132,161,1045
134,161,1045
134,160,1045
133,159,1046
133,159,1046
133,160,1046
131,160,1046
133,160,1046
132,159,1047
133,161,1047
130,158,1047
133,159,1047
131,158,1047
130,158,1048
131,159,1048
130,158,1048
130,158,1048
133,157,1049
131,158,1049
132,158,1049
131,157,1049
130,158,1049
131,158,1050
130,157,1050
130,158,1050
129,157,1050
131,158,1050
131,159,1051
131,158,1051
131,158,1051
129,157,1051
130,158,1051
131,157,1052
129,158,1052
129,157,1052
130,156,1052
129,157,1052
130,156,1053
129,158,1053
130,157,1053
131,157,1053
129,157,1053
129,158,1054
129,156,1054
130,157,1054
129,155,1054
128,156,1054
128,158,1055
129,155,1055
129,155,1055
129,155,1055
129,156,1055
128,156,1056
128,155,1056
129,156,1056
129,155,1056
127,156,1056
128,155,1057
128,154,1057
126,153,1057
128,155,1057
129,154,1057
128,156,1058
128,154,1058
128,156,1058
128,155,1058
126,153,1058
130,154,1059
127,153,1059
128,152,1059
128,154,1059
127,153,1059
127,152,1060
127,153,1060
126,154,1060
127,154,1060
128,153,1060
126,153,1061
127,154,1061
126,154,1061
125,152,1061
126,153,1061
126,153,1062
126,152,1062
126,153,1062
127,152,1062
126,152,1062
126,152,1063
125,152,1063
126,153,1063
125,152,1063
127,152,1063
126,151,1064
125,151,1064
125,152,1064
125,151,1064
126,152,1064
126,151,1065
124,149,1065
124,152,1065
125,151,1065
126,153,1065
125,151,1066
125,152,1066
124,152,1066
125,152,1066
124,151,1066
124,151,1067
122,152,1067
124,152,1067
124,149,1067
124,149,1067
124,150,1068
124,150,1068
124,149,1068
122,150,1068
123,148,1068
124,149,1069
124,149,1069
123,149,1069
122,150,1069
122,149,1069
124,149,1070
123,149,1070
123,149,1070
121,149,1070
124,148,1070
122,148,1071
123,149,1071
122,149,1071
123,148,1071
122,148,1071
123,149,1072
122,149,1072
119,148,1072
122,148,1072
123,147,1072
122,148,1073
122,149,1073
121,147,1073
122,147,1073
121,147,1073
123,147,1074
121,147,1074
121,146,1074
121,148,1074
122,147,1074
120,147,1075
121,148,1075
121,147,1075
121,144,1075
120,148,1075
121,148,1076
120,147,1076
121,147,1076
121,145,1076
120,147,1076
120,147,1077
120,147,1077
121,147,1077
121,146,1077
120,146,1077
120,147,1078
120,147,1078
119,146,1078
121,147,1078
120,147,1078
120,146,1079
120,147,1079
118,148,1079
120,144,1079
119,144,1079
121,145,1080
119,145,1080
117,145,1080
119,144,1080
119,143,1080
120,143,1081
118,144,1081
118,144,1081
118,144,1081
118,145,1081
119,144,1082
119,143,1082
118,145,1082
119,144,1082
118,143,1082
119,144,1083
118,143,1083
119,141,1083
118,143,1083
118,144,1083
119,144,1084
118,143,1084
119,142,1084
117,141,1084
117,143,1084
116,144,1085
119,143,1085
117,143,1085
117,140,1085
115,143,1085
117,142,1086
118,140,1086
116,140,1086
116,141,1086
118,141,1086
115,142,1087
116,140,1087
117,140,1087
117,141,1087
117,140,1087
116,140,1088
115,141,1088
118,141,1088
117,141,1088
116,141,1088
117,142,1089
116,141,1089
115,141,1089
117,141,1089
115,140,1089
116,140,1090
115,141,1090
115,141,1090
115,141,1090
116,140,1090
116,141,1091
115,142,1091
115,139,1091
115,140,1091
115,139,1091
114,140,1092
114,140,1092
115,139,1092
115,140,1092
114,139,1092
114,139,1093
116,138,1093
114,139,1093
115,139,1093
114,138,1093
115,139,1094
115,138,1094
114,139,1094
114,139,1094
113,139,1094
114,137,1095
114,138,1095
114,139,1095
113,139,1095
114,139,1095
115,138,1096
114,139,1096
115,138,1096
115,140,1096
114,138,1096
113,137,1097
113,138,1097
113,137,1097
113,136,1097
114,138,1097
114,138,1098
112,138,1098
114,136,1098
113,138,1098
112,138,1098
114,138,1099
112,136,1099
113,136,1099
112,137,1099
111,136,1099
114,138,1100
111,136,1100
112,136,1100
112,136,1100
111,136,1100
112,136,1101
112,135,1101
113,136,1101
111,138,1101
112,135,1101
110,135,1102
111,136,1102
112,136,1102
111,138,1102
113,135,1102
112,136,1103
112,136,1103
111,135,1103
112,135,1103
110,135,1104
111,134,1104
111,135,1104
110,134,1104
111,134,1104
110,135,1105
110,134,1105
111,135,1105
111,135,1105
111,133,1105
109,134,1106
111,135,1106
111,134,1106
110,135,1106
108,134,1106
110,134,1107
112,133,1107
110,135,1107
109,135,1107
109,134,1107
109,132,1108
109,134,1108
108,134,1108
109,134,1108
110,133,1108
110,134,1109
111,134,1109
109,133,1109
110,132,1109
109,134,1109
110,132,1110
109,133,1110
108,132,1110
109,132,1110
109,131,1110
108,133,1111
109,131,1111
108,131,1111
108,132,1111
108,131,1111
108,131,1112
108,132,1112
108,131,1112
108,130,1112
109,131,1112
107,132,1113
108,130,1113
108,132,1113
108,131,1113
108,131,1113
107,131,1114
109,131,1114
108,131,1114
108,130,1114
108,132,1114
108,131,1115
106,130,1115
107,130,1115
107,131,1115
107,129,1115
108,130,1116
108,132,1116
106,130,1116
106,131,1116
108,131,1116
107,131,1117
106,130,1117
107,128,1117
107,129,1117
107,131,1117
107,131,1118
106,130,1118
107,130,1118
106,128,1118
106,129,1118
106,129,1119
106,130,1119
106,129,1119
105,128,1119
106,129,1119
105,128,1120
105,129,1120
106,129,1120
106,130,1120
105,128,1120
106,128,1121
105,130,1121
106,130,1121
106,128,1121
107,128,1121
106,129,1122
106,128,1122
103,128,1122
104,130,1122
106,129,1122
104,128,1123
105,128,1123
105,127,1123
105,127,1123
105,128,1123
105,128,1124
105,129,1124
104,128,1124
104,127,1124
104,126,1124
105,126,1125
103,127,1125
104,127,1125
104,127,1125
104,127,1125
104,127,1126
104,127,1126
105,127,1126
105,127,1126
104,126,1126
104,127,1127
104,125,1127
103,125,1127
102,127,1127
103,125,1127
103,125,1128
103,125,1128
105,125,1128
104,125,1128
105,126,1128
103,126,1129
103,125,1129
103,127,1129
103,125,1129
104,125,1129
102,126,1130
104,125,1130
103,126,1130
102,125,1130
103,125,1130
103,124,1131
101,125,1131
102,123,1131
102,123,1131
102,124,1131
104,126,1132
102,125,1132
101,123,1132
101,125,1132
102,123,1132
102,122,1133
101,122,1133
102,123,1133
101,123,1133
101,123,1133
102,123,1134
101,122,1134
102,123,1134
100,123,1134
100,125,1134
100,123,1135
102,123,1135
102,125,1135
101,125,1135
100,123,1135
101,123,1136
102,123,1136
102,122,1136
102,121,1136